image: 3rd_floor_map.pgm
resolution: 0.05000
origin: [-101.825, -102.425, 0.000000]
negate: 0
occupied_thresh: 0.3
free_thresh: 0.196

